1 2 3 5 8 3 6 8 4 7 5 1 2 3 5 8 3 6 8 4 7 5 1 2 3 5 8 3 6 8 4 7 5 1 2 3 5 8 3 6 8 4 7 5 1 2 3 5 8 3 6 8 4 7 5 1 2 3 5 8 3 6 8 4 7 5 1 2 3 5 8 3 6 8 4 7 5 1 2 3 5 8 3 6 8 4 7 5 
1 2 3 5 8 3 6 8 4 7 5 1 2 3 5 8 3 6 8 4 7 5 1 2 3 5 8 3 6 8 4 7 5 1 2 3 5 8 3 6 8 4 7 5 1 2 3 5 8 3 6 8 4 7 5 1 2 3 5 8 3 6 8 4 7 5 1 2 3 5 8 3 6 8 4 7 5 1 2 3 5 8 3 6 8 4 7 5 
1 2 3 5 8 3 6 8 4 7 5 1 2 3 5 8 3 6 8 4 7 5 1 2 3 5 8 3 6 8 4 7 5 1 2 3 5 8 3 6 8 4 7 5 1 2 3 5 8 3 6 8 4 7 5 1 2 3 5 8 3 6 8 4 7 5 1 2 3 5 8 3 6 8 4 7 5 1 2 3 5 8 3 6 8 4 7 5 
1 2 3 5 8 3 6 8 4 7 5 1 2 3 5 8 3 6 8 4 7 5 1 2 3 5 8 3 6 8 4 7 5 1 2 3 5 8 3 6 8 4 7 5 1 2 3 5 8 3 6 8 4 7 5 1 2 3 5 8 3 6 8 4 7 5 1 2 3 5 8 3 6 8 4 7 5 1 2 3 5 8 3 6 8 4 7 5 
1 2 3 5 8 3 6 8 4 7 5 1 2 3 5 8 3 6 8 4 7 5 1 2 3 5 8 3 6 8 4 7 5 1 2 3 5 8 3 6 8 4 7 5 1 2 3 5 8 3 6 8 4 7 5 1 2 3 5 8 3 6 8 4 7 5 1 2 3 5 8 3 6 8 4 7 5 1 2 3 5 8 3 6 8 4 7 5 
1 2 3 5 8 3 6 8 4 7 5 1 2 3 5 8 3 6 8 4 7 5 1 2 3 5 8 3 6 8 4 7 5 1 2 3 5 8 3 6 8 4 7 5 1 2 3 5 8 3 6 8 4 7 5 1 2 3 5 8 3 6 8 4 7 5 1 2 3 5 8 3 6 8 4 7 5 1 2 3 5 8 3 6 8 4 7 5 
1 2 3 5 8 3 6 8 4 7 5 1 2 3 5 8 3 6 8 4 7 5 1 2 3 5 8 3 6 8 4 7 5 1 2 3 5 8 3 6 8 4 7 5 1 2 3 5 8 3 6 8 4 7 5 1 2 3 5 8 3 6 8 4 7 5 1 2 3 5 8 3 6 8 4 7 5 1 2 3 5 8 3 6 8 4 7 5 
1 2 3 5 8 3 6 8 4 7 5 1 2 3 5 8 3 6 8 4 7 5 1 2 3 5 8 3 6 8 4 7 5 1 2 3 5 8 3 6 8 4 7 5 1 2 3 5 8 3 6 8 4 7 5 1 2 3 5 8 3 6 8 4 7 5 1 2 3 5 8 3 6 8 4 7 5 1 2 3 5 8 3 6 8 4 7 5 
1 2 3 5 8 3 6 8 4 7 5 1 2 3 5 8 3 6 8 4 7 5 1 2 3 5 8 3 6 8 4 7 5 1 2 3 5 8 3 6 8 4 7 5 1 2 3 5 8 3 6 8 4 7 5 1 2 3 5 8 3 6 8 4 7 5 1 2 3 5 8 3 6 8 4 7 5 1 2 3 5 8 3 6 8 4 7 5 
1 2 3 5 8 3 6 8 4 7 5 1 2 3 5 8 3 6 8 4 7 5 1 2 3 5 8 3 6 8 4 7 5 1 2 3 5 8 3 6 8 4 7 5 1 2 3 5 8 3 6 8 4 7 5 1 2 3 5 8 3 6 8 4 7 5 1 2 3 5 8 3 6 8 4 7 5 1 2 3 5 8 3 6 8 4 7 5 
1 2 3 5 8 3 6 8 4 7 5 1 2 3 5 8 3 6 8 4 7 5 1 2 3 5 8 3 6 8 4 7 5 1 2 3 5 8 3 6 8 4 7 5 1 2 3 5 8 3 6 8 4 7 5 1 2 3 5 8 3 6 8 4 7 5 1 2 3 5 8 3 6 8 4 7 5 1 2 3 5 8 3 6 8 4 7 5 
1 2 3 5 8 3 6 8 4 7 5 1 2 3 5 8 3 6 8 4 7 5 1 2 3 5 8 3 6 8 4 7 5 1 2 3 5 8 3 6 8 4 7 5 1 2 3 5 8 3 6 8 4 7 5 1 2 3 5 8 3 6 8 4 7 5 1 2 3 5 8 3 6 8 4 7 5 1 2 3 5 8 3 6 8 4 7 5 
